-250.0
-250.1
-250.2
-250.3
-250.4
-250.5
-250.6
-250.7
-250.8
-250.9
-220.0
-220.1
-220.2
-220.3
-220.4
-220.5
-220.6
-220.7
-220.8
-220.9
-150.0
-150.1
-150.2
-150.3
-150.4
-150.5
-150.6
-150.7
-150.8
-150.9
-120.0
-120.1
-120.2
-120.3
-120.4
-120.5
-120.6
-120.7
-120.8
-120.9
-50.0
-50.1
-50.2
-50.3
-50.4
-50.5
-50.6
-50.7
-50.8
-50.9
-20.0
-20.1
-20.2
-20.3
-20.4
-20.5
-20.6
-20.7
-20.8
-20.9
250.0
250.1
250.2
250.3
250.4
250.5
250.6
250.7
250.8
250.9
220.0
220.1
220.2
220.3
220.4
220.5
220.6
220.7
220.8
220.9
150.0
150.1
150.2
150.3
150.4
150.5
150.6
150.7
150.8
150.9
120.0
120.1
120.2
120.3
120.4
120.5
120.6
120.7
120.8
120.9
50.0
50.1
50.2
50.3
50.4
50.5
50.6
50.7
50.8
50.9
20.0
20.1
20.2
20.3
20.4
20.5
20.6
20.7
20.8
20.9